6.5208562964e-01 3.3086795902e-01 4.6409207884e-05
4.5426012636e-01 4.1935414091e-01 1.3993590265e+00
6.0243064880e-01 3.7205728391e-01 1.4845030313e+00
4.6787239835e-01 7.9276636310e-01 5.6131387843e-05
4.1672980223e-01 7.7118542545e-01 1.7393746258e-06
8.1618863945e-01 6.9971590726e-01 1.7725904240e+00
2.5615336529e-01 3.7012694146e-02 2.2909967546e-01
7.0015909144e-01 2.9900924833e-01 2.9316366055e-05
8.2719932663e-01 1.2070116488e-01 1.9109706201e-05
1.3620569092e-02 2.7303730314e-03 2.2832441065e-05
4.9982092299e-01 2.5981058143e-01 1.2295437304e+00
5.9492057698e-03 7.0736013741e-01 9.8978124423e-06
7.8402950426e-01 1.1046412098e-01 1.9931637310e-05
1.9530475865e-01 9.5488221425e-01 4.6199857837e-05
6.7794501044e-01 2.6554687147e-01 5.8329021527e-01
3.2812957194e-01 1.2616004730e-02 1.5529329224e-05
1.6987955101e-02 2.6232250234e-01 7.5119384608e-01
8.1835036731e-01 6.1277701231e-02 1.0492792198e+00
5.6068126954e-01 5.2740479736e-01 8.4230189424e-06
7.9010436288e-01 7.4079235604e-02 3.3606682195e-05
7.2887796478e-01 6.6215430466e-01 5.7240768208e-05
5.5330166095e-01 8.0556836929e-01 4.2535668191e-01
6.7931702896e-01 6.4709963153e-01 2.3453576865e-05
4.2254822971e-02 6.9776697710e-01 4.3059177347e-05
8.3806082413e-01 6.5003475565e-01 8.8795121937e-06
3.5805184404e-01 5.4481050367e-01 1.3963837362e+00
4.3495645216e-01 7.8112071615e-01 2.3262603344e-05
1.1104287943e-01 3.5729496884e-01 1.5586618292e-05
7.4024415707e-01 5.4287598647e-01 3.5745330113e-05
8.5508944520e-01 6.7652449427e-01 4.2514633353e-05
1.3710023775e-01 8.1959119087e-01 1.7266234965e-05
4.1242248477e-01 3.6644206887e-01 8.2959791274e-01
4.5242963300e-01 4.9464192867e-01 8.5224370883e-01
6.2977601385e-01 3.6004695747e-01 3.1734768462e-05
4.9539142509e-01 2.1052112092e-01 3.9075074923e-05
3.8401421391e-01 9.7307295079e-01 1.2759375282e+00
2.1646167655e-01 5.2099966638e-01 1.4396682652e+00
7.7998879797e-01 8.9392937448e-01 7.9018211864e-01
6.8242191462e-01 1.1808197418e-01 5.7007611016e-01
4.8558520732e-01 4.0333267566e-01 7.2293022897e-01
7.4564064526e-01 7.4376098356e-01 3.4903642106e-05
4.7572823495e-02 3.3573995441e-01 9.0242071833e-06
5.8647220863e-01 3.1898930613e-01 1.0726424295e+00
3.2657957409e-01 5.7083481743e-01 3.7360482263e-05
2.1732302113e-01 7.7898859739e-01 2.6610485459e-05
7.4946990447e-01 4.5690185335e-01 1.7295925968e+00
3.5360617194e-01 7.7460876865e-02 3.0953425775e-05
3.4680150702e-01 4.4569571676e-01 1.3726831990e-05
3.3484069784e-02 5.4664226562e-01 6.5117235007e-01
6.0743094005e-01 7.6435986695e-01 3.1147836416e-05
8.4294981533e-01 9.4385305335e-03 4.8040016711e-01
1.2259248546e-01 7.6918531132e-01 1.5412031903e+00
3.5128275544e-01 9.9977461598e-01 1.1820944069e+00
4.7167751396e-02 4.8302875800e-01 2.2120644893e-05
3.6621557068e-02 7.6718788569e-01 5.3689356683e-01
1.7523303496e-03 3.1102408521e-01 1.1922532593e+00
5.8689156884e-01 3.2171857481e-01 2.2248277948e-05
3.7511652045e-01 3.0482965265e-01 3.6143685110e-05
2.5732062860e-01 2.1233345382e-01 3.3938993640e-05
2.1133766735e-02 2.3529774174e-01 1.3767058764e+00
6.0677866763e-02 7.7340797961e-01 9.8404723130e-01
7.8000454206e-01 4.2832926106e-01 3.9163157467e-06
1.5650314119e-01 9.5000277700e-02 7.6659383007e-01
7.8189256976e-03 2.2518136715e-01 6.1376859872e-05
4.7168747830e-03 7.8049908327e-01 3.8738768594e-05
2.2823050879e-01 5.8949532203e-01 7.5309788289e-05
1.6026635958e-01 4.9416176482e-01 1.3422733642e-05
6.2310290058e-01 1.7352050823e-01 1.0610124749e-05
6.5180947937e-01 9.7792715145e-03 2.1056601771e-01
8.6013860107e-01 4.9382400454e-01 2.1727671216e-05
6.5880175276e-01 4.8209670742e-01 4.7029930544e-06
5.0016595765e-01 3.7499869040e-01 1.6583291309e-05
7.8509352832e-01 4.5494992892e-01 3.2314241344e-05
6.9452701846e-01 4.8449081017e-01 2.4499304352e-05
4.9130679471e-01 7.5343060705e-01 1.8446989593e-06
4.3494489278e-01 9.6135468024e-01 1.0048452036e+00
2.7571776941e-01 4.8117496096e-02 9.1041600874e-06
1.5737324542e-01 5.6582427715e-01 1.0727481552e+00
7.2984957933e-02 6.0994858456e-01 1.4976644050e+00
8.4506516847e-01 9.6722528107e-01 5.4465365406e-01
5.6376878305e-01 7.4767090388e-01 4.9275414176e-01
5.5502576473e-01 5.8890797346e-01 1.2760619307e+00
3.5016119556e-01 9.0674434175e-01 1.4124150183e+00
7.2397965532e-02 4.1045049076e-02 5.8448212593e-06
5.1911041490e-01 7.5963725773e-01 1.2687642858e+00
4.6470472302e-01 7.3265059782e-01 1.1966319417e+00
4.5069642441e-01 7.8683575406e-01 4.2316797123e-05
9.8227065214e-01 7.2913042018e-01 7.0922447513e-01
9.1185643982e-01 4.8079231179e-01 1.0733357322e+00
9.2841394421e-01 9.9375333954e-01 1.1688143466e+00
9.9077297912e-01 3.4724972792e-01 2.0678015382e-05
2.4520716156e-01 9.7264629144e-02 2.4771591884e-05
7.2909419823e-01 5.4448391928e-01 5.4447214882e-01
3.6599919178e-01 3.3893536408e-02 6.2506348840e-05
8.3017314878e-01 4.0687842564e-02 4.3716021758e-05
3.1647317130e-01 7.8666768382e-01 2.9814794047e-05
6.2754453149e-01 2.3367236142e-01 2.7789436394e-05
7.6026665087e-01 4.4108573716e-02 6.8573239873e-01
1.0535400976e-01 3.6075764069e-01 2.7783612288e-05
8.3791279662e-01 9.3365094813e-01 1.2886974867e+00
2.4480768585e-01 6.0193295109e-01 7.9173572559e-01
6.2789879956e-01 9.2298787885e-01 1.0237409885e+00
3.2547604426e-01 7.4607637452e-01 2.3969196735e-05
9.2353232457e-01 6.3698089586e-01 1.1644772094e+00
1.3081209071e-01 3.2993296772e-01 5.6152418739e-01
7.4136976969e-01 8.8359149839e-01 4.1609455402e-01
5.7458776195e-01 1.1302820605e-01 5.1064006574e-01
5.2874518801e-01 1.8661917725e-01 3.3366907165e-05
6.1075805216e-01 8.8011639576e-01 5.4161655277e-05
6.2281400366e-01 2.0271711489e-01 5.9750798345e-05
3.9001589763e-01 2.3218069799e-01 6.1740538944e-01
1.5193651749e-01 4.7384126214e-01 1.4855276479e+00
7.9993352464e-01 9.5732752151e-01 6.2817160589e-06
3.6511521254e-01 1.6106921187e-01 6.0738510756e-01
6.0384352080e-01 2.3726157217e-01 1.3466625455e-05
8.4857338930e-01 4.4886843227e-01 3.5058725680e-01
6.2532247148e-01 3.0912751449e-01 1.0011013281e+00
8.6729976878e-01 2.9686046483e-01 1.2769796539e+00
2.0894196807e-01 4.8854186454e-01 1.4748726837e-06
5.5120684383e-01 3.5506654271e-01 6.4471551556e-05
5.1432952040e-01 8.6738746946e-01 9.2054318292e-01
9.4882899972e-01 8.3474175809e-01 3.4099417596e-05
9.3566928574e-01 4.1643195405e-01 1.1871425246e+00
4.0341748876e-01 2.5980091143e-02 1.0786913065e+00
3.7731865327e-01 8.2004141462e-01 1.2773657432e+00
9.8611410899e-01 3.6985028420e-01 1.9792267850e-05
1.6948013836e-01 9.4263642496e-01 3.7510697022e-05
7.4788737784e-01 4.1229924793e-01 2.8132534787e-05
5.5951884052e-01 5.8249147450e-01 3.3029975945e-05
2.4103564882e-01 7.4550626194e-01 6.2329639095e-05
7.8205700409e-01 2.2951087454e-01 4.6486929606e-05
4.0189157879e-01 8.7537557367e-01 1.0505954263e+00
1.2585764398e-01 5.4989636814e-01 3.8182950658e-05
9.3658152281e-02 5.7598540069e-01 3.8595869452e-05
4.3659599836e-01 6.4227896816e-01 4.6202777410e-05
6.8210327642e-01 9.9443397507e-01 3.7536161212e-05
7.6715968614e-01 8.1831404710e-01 4.2259568347e-05
2.1892938234e-01 4.3499321735e-01 1.3227917402e+00
1.9789032021e-01 9.4771554017e-01 1.7572673850e-05
1.8841703525e-02 4.1328681407e-01 1.5708377053e+00
1.1868149699e-01 2.2479057678e-01 6.9946148431e-01
5.8390232761e-02 1.8641327853e-01 5.5272092101e-06
7.9747445164e-01 6.9335449310e-01 6.2653854148e-05
9.9288727991e-01 9.2916197265e-01 4.8501332854e-05
4.9645976396e-01 7.5469307044e-01 7.4374999883e-01
3.1089452475e-02 1.9492667476e-04 5.0918350957e-05
3.0683051254e-02 8.0999569371e-01 1.5543893803e+00
8.9031393510e-01 1.1310671289e-01 6.7980925036e-05
2.0739281521e-01 5.7640208293e-01 5.5815287079e-01
6.2912163291e-01 6.8049651339e-01 3.6727519992e-05
5.0540643722e-01 2.9313959910e-01 1.0035319453e+00
4.2662343135e-01 8.6126275782e-01 1.0189554476e-05
6.2221370856e-02 4.9564518909e-01 4.7089604030e-06
9.1407557431e-01 3.2040751720e-01 1.4820498657e+00
2.6460856009e-01 9.8020910447e-02 9.3367547514e-01
1.1050350127e-02 4.9363063951e-01 1.2110436564e+00
4.7083942766e-01 8.9173323055e-01 1.9102901739e+00
2.7474001662e-01 7.4452858340e-01 7.7991025095e-05
1.7000007273e-01 7.2989358009e-01 1.2026482517e+00
2.2298862723e-01 1.4865917152e-01 6.8818270369e-01
6.9074536771e-01 5.4576047761e-01 1.0691737571e+00
9.5084262537e-01 9.9215242023e-01 4.0310156208e-05
5.2390524012e-01 9.9033995669e-01 4.9965249657e-05
5.3581525056e-01 8.3999098801e-01 1.3835395942e-05
8.0633131583e-01 4.1121189193e-01 1.4655723906e+00
6.0979283834e-01 7.4994711347e-01 7.3488061167e-01
6.3007064992e-02 6.0208934213e-01 4.3294804901e-01
3.1331384796e-02 6.3222944303e-01 4.3401771669e-01
5.1214672845e-01 5.6204599818e-01 2.0786381517e-05
2.1998700484e-01 1.2191765585e-01 1.1136436263e+00
8.3271043363e-01 4.3270553303e-01 2.3418557380e-05
5.2132004581e-02 6.8942307440e-02 9.5733717647e-01
9.3153082147e-01 5.6139541109e-01 4.2876907853e-05
2.4331773995e-01 7.2886884629e-01 2.7288597373e-01
2.8902115691e-01 4.9833043255e-01 6.4325924570e-05
4.5871622849e-01 3.7800211278e-01 5.2929388682e-05
6.5798087690e-01 5.0602622741e-02 5.8938641158e-05
6.7008053998e-01 1.9271780517e-01 8.2539294376e-06
9.7264048062e-01 4.4119844661e-01 1.5363798760e+00
8.9435351498e-01 9.6658294827e-01 9.3228972000e-01
2.8580135563e-01 7.4691116456e-01 6.1005717843e-06
4.3534074649e-01 9.4600026034e-01 1.6253504465e+00
8.5342181465e-02 3.1197880358e-01 1.0274720887e-05
7.7732344207e-01 2.9243418651e-01 1.0042812979e+00
3.0813773343e-01 3.4729276635e-01 1.8671870066e-05
7.2691830565e-01 8.4929389538e-01 1.3163639353e-05
6.4805369523e-01 9.2108647430e-02 1.3030972212e+00
6.5416137908e-01 9.7265600045e-01 1.2362226056e+00
8.5982442526e-01 2.1721262569e-01 2.0416039339e-06
5.7761015467e-01 1.0523782081e-02 5.9532947482e-05
3.6224836256e-01 4.2374241857e-01 1.0510874737e+00
7.0056455629e-01 3.1575293206e-01 3.5754298681e-05
1.4267538595e-01 5.7975024079e-01 1.2320820090e+00
5.7718086466e-01 1.4527296393e-01 1.1605367384e+00
8.3064150348e-01 5.9386778979e-01 7.5016367035e-01
6.3095142879e-01 3.3880456296e-01 1.6260143132e+00
8.7865498669e-01 5.3416693258e-01 1.5403082331e+00
9.8168693105e-01 4.5159057799e-01 8.5807048394e-05
5.4420286854e-01 6.8854978763e-01 1.5525699281e-05
5.3529971798e-01 8.6725340717e-01 2.9135635420e-01
3.9808753411e-01 2.1419016653e-01 3.0839049239e-01
9.2656587892e-01 1.7675401630e-02 1.8606305045e-05
2.0766608601e-01 5.2355083503e-01 8.8714816851e-01
9.2627243144e-01 3.6605794974e-01 7.9903704416e-06
7.1341462465e-01 5.5138486212e-01 8.8722811090e-01
1.9987001084e-01 1.5261132243e-01 1.0572270221e+00
7.7254043237e-01 8.7921486003e-01 7.0869056525e-01
3.2371459154e-01 2.8912278984e-01 1.8869442763e+00
4.6416918974e-01 8.8492098303e-01 4.6816388782e-01
8.1315034457e-01 6.9405233792e-02 4.3901105450e-01
4.5131289642e-01 4.7555038955e-01 8.0886783092e-01
2.2844202262e-01 8.4705480575e-01 4.7880765882e-05
3.4085097846e-01 2.0367697660e-02 8.9718454609e-01
8.4463407165e-01 8.4330262563e-01 9.2777835250e-05
5.2049491210e-01 4.9273475273e-01 3.5417520305e-05
9.2486286391e-01 1.9996513955e-01 1.0037086058e+00
8.4661202378e-02 7.3052272722e-01 1.2890541036e+00
7.1655397804e-01 1.6433765549e-01 9.5661769570e-05
1.1799578289e-01 8.6236810319e-01 3.6276469403e-05
9.0597012677e-01 5.8349286823e-01 1.0894562601e+00
3.0542370435e-01 7.9357332563e-01 6.5494676210e-01
8.2266700894e-01 9.1436069675e-01 1.1665469757e+00
4.9415509824e-01 6.1685749215e-01 4.1924965105e-05
4.4683482560e-01 6.2913860480e-01 4.5185725108e-05
8.7164277472e-01 1.5032984672e-01 1.5707275636e+00
7.6537577172e-01 3.6476933641e-02 5.5134531385e-05
1.2600363311e-02 1.0796266704e-01 3.8780878903e-05
8.3284090643e-01 3.1590582111e-01 2.6658151191e-05
9.2491494841e-01 5.4973595836e-02 9.0324913767e-01
7.1924892608e-01 9.2193972330e-01 4.1476532792e-05
1.1556586242e-01 2.9311142498e-01 2.3497656007e-05
8.2408058020e-01 2.8016561436e-01 1.4817160135e+00
8.9555151391e-01 7.6558533211e-01 1.5271731926e-05
6.5529275701e-01 4.8614721493e-01 8.0994098614e-01
5.1562067915e-01 4.0928681095e-01 2.0136591696e-06
2.1355255603e-01 2.6878661802e-01 1.2027949238e-05
6.7714180768e-01 1.9774842425e-01 1.0308281862e-01
7.0606594263e-01 9.0613561872e-01 1.4340811305e+00
9.3124484078e-01 3.6039834000e-01 1.4819698498e-05
6.1260236621e-01 6.4952755531e-01 1.2218367048e+00
6.7607474632e-01 3.7312123855e-01 1.1692184058e+00
7.9606916312e-02 6.9482216502e-01 3.6462330324e-05
7.1856454801e-01 4.7461296345e-01 1.5967230904e+00
3.2515257753e-02 4.5673208532e-01 1.2303997644e+00
1.7832368567e-01 9.5247392869e-01 8.4853577362e-01
4.2556002983e-01 8.3146818535e-01 9.5122889839e-01
1.8415030119e-01 6.1003219455e-02 8.6466184833e-01
4.3408095205e-01 6.9943682193e-01 6.0920656910e-05
2.9698169840e-01 8.6363333308e-01 1.3197965569e+00
8.0406268125e-01 9.8198780899e-01 5.1126407567e-05
5.0191523262e-01 7.9060367920e-01 5.9341089624e-01
6.2986315147e-01 7.4049611299e-01 9.6403432809e-01
2.6426729845e-01 8.7066677799e-01 3.8670074030e-05
1.9406358612e-01 4.5749231871e-01 6.9411954659e-06
2.6105927702e-01 8.9429622306e-01 4.2231892493e-06
2.0775571528e-02 5.8571842949e-01 1.7071501873e+00
9.0112732579e-01 8.7965479994e-01 9.1635244567e-06
3.0954440843e-01 5.3812135702e-01 1.4890170969e-05
1.4873517115e-01 5.6494043528e-01 1.5448431900e-05
6.0353317001e-01 6.9700599622e-01 4.3383451093e-05
6.0824258645e-01 8.8908456170e-01 1.0246332915e+00
4.3000612423e-01 4.2864394706e-01 8.1281158996e-01
6.2120364718e-01 5.8923531379e-01 9.8753936389e-01
8.3059944018e-01 6.0658224050e-01 8.8139635209e-05
3.2099013409e-01 4.1903451185e-01 5.2764891802e-05
4.6855187409e-01 8.4444929990e-01 1.6858884359e+00
1.4238036536e-01 7.0982205927e-01 2.1656268435e-05
5.6286541289e-01 3.2364538342e-01 1.4418174798e+00
6.3128725755e-01 1.4185709642e-01 7.0598721293e-05
8.5647230526e-02 4.2897881338e-01 5.8046274503e-01
7.3510637806e-02 9.5087522096e-01 3.9145429524e-05
9.9732031429e-01 5.3878351991e-01 1.9288355532e-05
7.2521118996e-01 3.8206374289e-01 2.2553689361e-05
1.2877508853e-01 4.1108079106e-01 7.0182056735e-05
5.2664390346e-01 3.9489421474e-01 6.4506249908e-05
7.9108904633e-01 4.6273226815e-01 9.3777004351e-01
4.1135280480e-01 9.6604719129e-01 1.8010154716e-05
3.6824487183e-01 3.2878060303e-01 4.7714638964e-05
4.8742577907e-01 5.7844061651e-01 1.9152206947e-06
9.8792219027e-01 7.2761218195e-01 4.6270618955e-01
9.3450019317e-01 9.2258026376e-01 6.7789071447e-05
6.7452250118e-01 8.7772255404e-01 2.1005516111e-05
3.8658749614e-01 1.7870071239e-01 1.3843749196e+00
4.4633095812e-01 4.8483516563e-01 2.8581543305e-05
5.3390208247e-01 3.0559585078e-01 8.8568079758e-01
5.1693523254e-01 9.5318270192e-01 1.0490362800e-05
6.3047073165e-02 5.4902233214e-02 2.2558727578e-05
4.5963276967e-01 3.7416068975e-03 9.3477191155e-01
7.8586625013e-01 2.0815270345e-01 1.3118210239e-06
7.6948334920e-01 1.7391950073e-01 1.1168037334e+00
1.2112778974e-01 9.5730795914e-01 3.9967886804e-05
7.3423748686e-01 6.2434218776e-01 1.0328107230e+00
2.6339179060e-01 2.9429677594e-01 3.2889375728e-06
2.7157391924e-01 6.5155775905e-01 2.7355854043e-05
3.5280525456e-01 3.4249251824e-01 2.4416846999e-07
8.6857202029e-01 7.9401364581e-01 3.5653016910e-05
8.0225436366e-01 8.4783732249e-01 4.6007700840e-01
7.8603931504e-01 1.8796610880e-01 5.3149188118e-05
1.1369481864e-01 4.1646480099e-01 6.5650366412e-05
9.1256278879e-01 1.6960261899e-01 9.9220510185e-06
1.2148029992e-01 3.8010916346e-01 7.6900790036e-01
5.1002472969e-01 8.1124071926e-01 2.8971783439e-05
8.2222196897e-01 1.8409424489e-01 1.3901219483e-05
5.6610778591e-02 9.2641841691e-01 1.8883074679e+00
3.1181675839e-01 4.5691816133e-01 8.2696344082e-05
7.5436574325e-01 4.7292802485e-01 1.8930491315e-06
3.9293863833e-01 8.0814140835e-01 5.5331144346e-01
2.6395821457e-01 3.3847957763e-01 5.5530225872e-01
8.3862330394e-01 2.7225576287e-01 4.5833972173e-05
6.3612800636e-01 5.1291922634e-01 4.2182407824e-01
6.1542824346e-01 5.9795062146e-01 2.3626138562e-05
8.5933121614e-01 6.6706759294e-01 7.7748347109e-05
4.5508021470e-01 5.5504343997e-01 9.0922423935e-01
9.6503905115e-01 6.0067395351e-01 1.8059836834e+00
4.1691813217e-01 8.3595966781e-01 8.4788842077e-05
8.7863604776e-01 6.5622133515e-01 8.8018375101e-01
6.0457571018e-02 9.1882684858e-01 2.4964353833e-01
5.3300468909e-01 1.3795452622e-01 7.3671120745e-05
4.4913811171e-01 7.9171007018e-02 1.5936606109e-01
5.5573658874e-01 5.3278980531e-02 1.2127729609e+00
6.4710586302e-01 1.9708981134e-01 1.5594749931e+00
5.0342977707e-01 1.7479896702e-01 6.9067623706e-05
5.6785395890e-01 5.1244227037e-01 1.0781866237e+00
3.1852264694e-01 9.1278471515e-01 7.3487152251e-01
3.9793005726e-01 5.5765599969e-01 9.5185104756e-06
6.2305044630e-01 2.4932231629e-01 7.8043357004e-01
1.5117129736e-01 2.2535247595e-01 8.8532128109e-05
3.7054744972e-01 5.4070695723e-01 3.8031635099e-07
3.1220481506e-01 1.1859984548e-01 6.6334796231e-01
6.6719116738e-01 2.1186847928e-01 1.6191613193e-05
4.0611610998e-01 7.6803575159e-01 2.4477658887e-05
2.2846938526e-01 9.4184344995e-02 4.9393227934e-01
3.1295126359e-01 3.2328210748e-01 4.3605651556e-01
2.4762762789e-01 8.2919523551e-01 1.2926773648e+00
7.9417541501e-01 4.8905469114e-02 9.1167131299e-01
2.7450044537e-01 8.2496860495e-01 8.4467144850e-01
7.2537527572e-01 2.4050295191e-01 1.1176358886e-06
2.9229819956e-01 8.3504317150e-01 6.5544721296e-01
9.8851796796e-01 6.5496693706e-01 2.4692669178e-05
7.3121052451e-01 5.3452519316e-01 5.6381004186e-05
1.7087040760e-01 5.5999462652e-01 1.1248055901e+00
1.0285987773e-01 6.8432253896e-01 1.4434856701e+00
1.6144472182e-01 6.6624163292e-01 7.4087695297e-01
4.8658299257e-01 2.4872158631e-02 1.5909172240e+00
4.6304693244e-01 5.8021114228e-01 3.9174100734e-05
8.4659529007e-01 4.3292159438e-01 7.0027891740e-01
9.5267491487e-01 1.1450471934e-01 1.2820396791e-05
6.9218313288e-01 6.2301813554e-01 8.8874116606e-06
2.2314387427e-01 1.5244628505e-01 2.6686569106e-01
1.5476419846e-01 9.1962323924e-02 5.1415476387e-05
1.9104381783e-01 7.0367287212e-01 8.5093744908e-01
5.7626470579e-01 5.0463236837e-01 1.5186073936e+00
8.5472865227e-01 2.3951608434e-01 5.2041468719e-05
2.1784957989e-01 5.6030429453e-01 5.5980729669e-01
7.2271935273e-02 9.7829920038e-01 7.3177259483e-05
5.9565073402e-01 3.8432910423e-01 1.6167605915e-05
1.6345361580e-01 9.4197507314e-01 7.8890230351e-01
1.7766334628e-02 4.2357057897e-01 1.1176302096e+00
8.8608751764e-01 4.3515706738e-01 2.4736494439e-05
5.0043589122e-01 3.1103987321e-01 1.3031429077e+00
9.8639883852e-01 7.3106406122e-01 5.1646420867e-05
5.2899668004e-01 4.4921761844e-01 2.1470421211e-05
8.9143365142e-01 9.9414047322e-01 1.0691157823e+00
8.0724286977e-01 4.4350221502e-01 9.9900322194e-01
2.8229609511e-01 7.2996904344e-01 4.7929832784e-05
8.9497417533e-01 9.5210822908e-02 1.4686765133e+00
6.1437296365e-01 6.2482221472e-01 8.4187540488e-01
4.3389579736e-01 5.6821033974e-01 6.7929221659e-05
6.5418690393e-01 2.9593445245e-01 1.0437937265e+00
6.8044898962e-01 7.0195666624e-01 9.8566441732e-01
1.0385204753e-01 8.9995386013e-01 9.4546958514e-06
7.5670744810e-01 5.2418152945e-01 5.8446024031e-01
4.4750672848e-01 9.5365175004e-01 4.8127316256e-01
9.3702680924e-01 1.9089728744e-01 5.3985641057e-05
6.1878990208e-01 4.5569270248e-01 1.7412210742e+00
9.9212033570e-01 8.7596373766e-01 3.7234327548e-06
9.6666939304e-01 7.4501449919e-01 3.4506633871e-01
8.8040041973e-01 3.7528009578e-02 3.3607906032e-05
3.0117721698e-01 5.4635032833e-01 2.2770879312e-05
9.5654133118e-01 1.6190792495e-01 6.4365154029e-05
6.7803235706e-01 6.0414447858e-01 4.3916609734e-01
8.4573656125e-01 9.1754615660e-01 1.6920509661e-05
3.4948155623e-02 5.7758080926e-01 3.9627235099e-05
4.6752408875e-01 6.1123855957e-01 4.0789604815e-06
2.7174116518e-01 5.6253645072e-01 1.1016662946e+00
2.8867361106e-01 8.1562882309e-01 1.0621352760e+00
4.2158227506e-01 2.7147579404e-01 4.6199107610e-06
3.5458369709e-01 5.9548988158e-01 1.2705685098e+00
5.1762877939e-01 3.8247462546e-01 2.2577768922e-05
8.9301594791e-01 6.9923231719e-01 1.9680981828e-05
1.1586388935e-01 1.1595846728e-01 5.0582515574e-05
1.2263592119e-01 7.3908738291e-01 9.6513643740e-01
4.6801338283e-02 2.8958193072e-01 2.2182692598e-05
3.4818605203e-01 8.3750872018e-01 1.1168847792e+00
9.1205811205e-01 4.1278822051e-01 2.0770033044e-05
3.7278769177e-01 5.5101434359e-01 6.3254139820e-05
8.9812616436e-01 5.8409949312e-01 6.5558317251e-01
4.2629516200e-02 8.0572414073e-01 8.0507424227e-01
2.5687701842e-01 7.8040789957e-01 8.0727940891e-01
7.1263578286e-01 4.7758997977e-01 1.0887856777e+00
3.4298825596e-03 8.5766528534e-01 1.1019950129e-06
1.1962296038e-01 6.1353751519e-01 1.4574237172e-05
8.2473602912e-01 5.1639121269e-01 6.5759334302e-05
2.8913816209e-01 7.2092775991e-01 5.0089251879e-06
8.2675198897e-01 7.1563168661e-01 1.6665656682e+00
4.3026020916e-01 6.0201188119e-01 3.6606853292e-05
9.6098974899e-01 5.9689564808e-01 3.5263446780e-01
3.2459746058e-01 5.7048145893e-01 4.9433257013e-06
3.7148616074e-01 2.4670965932e-01 7.6257320586e-05
5.1555363890e-01 1.7932032645e-01 1.1248864731e+00
6.3225383372e-01 2.4857076309e-01 1.4861971826e-05
7.9732889459e-01 4.1409831885e-02 1.0534463212e+00
3.0723466369e-01 3.4951706628e-01 1.5983847551e+00
6.9489335160e-01 6.7935016748e-01 9.7045387120e-01
8.7725322530e-02 3.6650481927e-01 1.3377019353e+00
9.1191034845e-01 3.7092956654e-01 6.9140053120e-01
8.1990794830e-01 2.0730579903e-01 3.5396902174e-05
1.7674305367e-01 4.4313157688e-01 1.3213198463e-05
1.9271310377e-01 3.5303378494e-01 6.1034825553e-01
9.7504480230e-01 9.0684419640e-02 3.7106265682e-05
4.6761585889e-01 9.9036947776e-01 4.4493225357e-05
9.9167173207e-01 2.4795131580e-01 1.6069717659e+00
8.8766344637e-01 9.1130342483e-01 1.0135835425e+00
4.5363845830e-01 9.6145621775e-01 1.5238285626e+00
9.3997592660e-02 9.7986760795e-02 1.7939008199e+00
4.6183741715e-02 8.3521270628e-01 3.6613346542e-01
4.1288959436e-01 1.1150273169e-01 2.4276066702e-05
3.9845188855e-01 3.2299077088e-01 1.4301113058e+00
5.4673383778e-01 8.6613775721e-02 2.9522692006e-01
9.5165542898e-01 6.2461670838e-01 7.3410236667e-01
2.8254328216e-01 1.9427716254e-02 9.8778384351e-01
3.5406822335e-01 9.6017482899e-01 1.2721521922e+00
5.3095271145e-01 1.8129161503e-01 3.3131259036e-05
7.7066325162e-01 1.7633406245e-01 6.8273592869e-01
9.9993392714e-01 9.8269352587e-01 1.2594460717e+00
1.3658145373e-01 5.9031949269e-01 2.6853270674e-06
8.6107612662e-01 6.5074130873e-01 5.7739943705e-01
8.4894850923e-01 8.2625314037e-01 7.0910319135e-05
1.3393119827e-02 1.2899031565e-01 1.8011133819e-05
8.7086936821e-01 4.7687678484e-01 1.5294909958e+00
2.7554539647e-01 9.9303166658e-01 7.1718120573e-05
3.3822203795e-01 9.0491711853e-01 8.9417123141e-01
2.8414046729e-02 2.4152221471e-01 1.2425204429e+00
1.2038044819e-02 7.9472648689e-01 8.8882449454e-01
5.0270268557e-01 6.5371447116e-01 2.6363391225e-05
7.0342439760e-01 3.0479391634e-01 1.3506360199e+00
1.3704776406e-01 5.9339096862e-01 5.1028438678e-05
4.1461306929e-01 4.4754641605e-01 2.5819383414e-05
6.8901236676e-04 1.3092977657e-01 1.5948889654e+00
1.7267660265e-01 7.0636588916e-01 4.2863520358e-06
7.1152655465e-01 4.7537639201e-01 8.5233560123e-01
1.1822754447e-01 3.8981323686e-01 4.3053561675e-01
4.2442767160e-01 1.4374011438e-01 3.3658171418e-05
3.0541273831e-01 8.1955939282e-01 9.0452018477e-06
8.0156929251e-01 9.3187132105e-01 1.3682374544e+00
5.8375959436e-01 7.0374010312e-01 6.9784703246e-01
5.9762624466e-01 8.4882224717e-02 8.6441947389e-07
8.4014403137e-01 4.9949721779e-01 1.0623995276e+00
6.6233778420e-01 4.5163677773e-01 2.7891228188e-01
2.2593607995e-01 6.6098662449e-01 3.0365276309e-01
3.2102549521e-01 2.7895715116e-01 5.7417315434e-05
8.6113140803e-01 9.6173443079e-01 1.2676908404e+00
6.1758418887e-01 6.3747730524e-01 1.0299201141e-05
1.5621799288e-01 1.0164828136e-01 9.2469348755e-01
1.5946971653e-01 8.7313437514e-01 1.0932452909e+00
8.8650580355e-01 9.2616826453e-01 4.8060157334e-01
5.0769461676e-01 2.7124724645e-01 1.6000525007e+00
5.0510536277e-01 2.4234093326e-01 6.5680783718e-05
9.1680828972e-01 4.4190467791e-01 8.0123758929e-01
2.4443869535e-01 2.1097882427e-01 7.0551332895e-05
1.3598653285e-01 3.0193498844e-01 4.8429460195e-05
3.4576052260e-01 4.3450247491e-01 3.9120148933e-05
1.3918959516e-02 9.4449013675e-01 5.1665195763e-05
5.0889478748e-01 5.4379882776e-01 1.2918389523e-05
9.0778347372e-02 8.5745251277e-01 2.2380592212e-05
6.0811973669e-01 1.7800655474e-01 5.8029630086e-05
6.3392867969e-01 4.5067654810e-01 1.5134332599e+00
4.9346710186e-01 8.1565220042e-01 4.2714280777e-06
3.9615943468e-01 6.8376461511e-01 1.4747509283e+00
3.4747382298e-01 9.5707296524e-01 4.0395095005e-05
2.0917727549e-01 9.1475493569e-01 9.3924337975e-01
9.7952616971e-01 1.8150266913e-01 1.7467725752e-05
3.0369849617e-01 4.2430999919e-01 1.6966375348e-05
5.2273902991e-01 4.0505984042e-01 8.4871354074e-01
3.8774408771e-01 7.9265125482e-01 2.3594506064e-05
4.4458820487e-01 6.4822317335e-01 1.0416889835e+00
2.4576463456e-01 1.7733519519e-01 3.7218914194e-01
6.8708133338e-01 4.7163373620e-01 9.9266484081e-06
6.3286432487e-01 5.3986222742e-01 1.7285606054e+00
3.5766032598e-01 7.8336423591e-01 2.4255998831e-05
9.6461163834e-01 6.5100250573e-02 8.7235668252e-01
3.5395713524e-01 5.4418375688e-01 4.0009292424e-05
8.3748255299e-01 8.9363893904e-01 5.2977400300e-05
8.8751837067e-01 2.2521839572e-01 3.2118681821e-05
9.9415070775e-01 9.7845492867e-01 4.8116365299e-05
3.7604000387e-01 9.3003294015e-01 7.5270088951e-01
2.8356513143e-01 7.5936902358e-01 8.9832214549e-01
8.2548087354e-01 5.4854550037e-01 2.9479910684e-05
7.6007624930e-01 8.7305574237e-01 4.6376444610e-06
7.9774990774e-01 5.6223030162e-01 8.0414228950e-05
7.4063680122e-01 4.9260365439e-01 6.8143614592e-05
3.5591238524e-01 6.2381838121e-01 1.2376391607e-05
4.4573067638e-01 9.5306923617e-01 2.1539139068e-01
2.2178959801e-02 3.1608747314e-01 4.5262723725e-01
9.4555195210e-01 7.4741035301e-01 8.2038913138e-05
1.0188166869e-01 2.1462371705e-01 8.0585249975e-01
6.3055537658e-01 3.5639942367e-01 8.4019616183e-01
8.3692677332e-01 8.6841359298e-01 1.6719417424e+00
3.2510200680e-01 1.0854519260e-01 7.1018044469e-01
9.5717269421e-01 9.8647155869e-01 9.4109224215e-01
6.6729934661e-02 5.7795477751e-01 2.1325256625e-05
4.5119458130e-01 5.3258060450e-01 8.2229357587e-05
3.1183897963e-02 5.6977356790e-01 1.1154322873e+00
3.6469764758e-01 6.1052860997e-01 7.1250543088e-05
9.2057640796e-01 2.7642787903e-01 9.8352304657e-06
7.7621989825e-01 2.8784393811e-01 6.3271935275e-01
7.1318030471e-01 4.5544376119e-01 4.8248579410e-05
9.2736734622e-01 8.6074112789e-01 4.6108539771e-05
5.2215359101e-01 9.7893979183e-01 6.8718689583e-05
9.5530301842e-01 2.1075680404e-01 8.7491356949e-01
1.5402705278e-01 9.8735006411e-01 8.2846972560e-01
4.4518931828e-01 4.9537928392e-01 4.1081623764e-01
2.7845231037e-01 8.8808203311e-01 4.1433563307e-05
4.4968414037e-01 3.9198078523e-03 4.3982276438e-01
3.6593290263e-01 4.1409486660e-01 9.1627066998e-06
4.4235133612e-01 8.7368949858e-01 3.6677488319e-05
2.6937771590e-01 8.9060122495e-01 1.0563959523e+00
4.4139477461e-01 6.4804609818e-01 2.3863702621e-01
8.9921198328e-01 6.8416506237e-01 1.1443492338e+00
7.2267855389e-01 3.8697143510e-01 9.0601319893e-06
7.5239079473e-01 9.5502970444e-01 6.6899505054e-05
6.7654578077e-01 3.5542248841e-01 1.1807988750e+00
4.0366793529e-01 5.3062007556e-01 7.4021648443e-01
2.4328769261e-01 7.0250007592e-01 1.5081799874e+00
8.7340114410e-01 7.8841092959e-01 2.3725043901e-05
1.0592544169e-01 3.1629849594e-01 7.3527008848e-05
2.9339321356e-01 4.6909643520e-01 5.3626715200e-01
3.9652049239e-01 3.8633030058e-01 2.5419603378e-05
2.2834737992e-01 7.7492942088e-01 1.9673235452e-05
3.5789946926e-01 3.4888763350e-01 1.4410598924e+00
2.5290822266e-01 2.1126423203e-01 4.9344757552e-05
5.6717675628e-01 8.7628845941e-01 1.1513758092e+00
1.9018729399e-01 6.9508388996e-01 1.1504019614e+00
2.6991445982e-01 3.4383522600e-01 1.4304535409e+00
1.5361102295e-01 2.3018926266e-03 6.9273122302e-01
2.3939325225e-01 2.3741812587e-01 1.8994921265e-05
8.1320446374e-02 4.8964746054e-01 4.5794253456e-05
9.1423415518e-01 9.4642343729e-01 3.3767175026e-01
8.4429027273e-01 8.9849771108e-02 1.2765024923e-05
5.3046242072e-01 6.4775428897e-01 4.9424746794e-05
7.2314243127e-01 1.3519837912e-02 4.7932070333e-05
9.8186213776e-01 4.4552790965e-01 3.2232041679e-01
7.8321510101e-02 8.5490828296e-01 3.0099443480e-05
5.3544467465e-01 6.7907423801e-01 1.1590554852e+00
6.4851819112e-02 8.9590228785e-01 2.9308463319e-05
6.4719541457e-01 6.3290577732e-01 6.6589692472e-05
5.7501082854e-01 2.0106435095e-01 1.9585816096e-01
5.8009834440e-01 8.5123239835e-02 6.1804917708e-05
7.5393097657e-01 6.0978497882e-01 1.8069292233e-05
6.9245030656e-01 4.4065687467e-01 7.1503621749e-01
5.1024341143e-01 3.4676614885e-01 2.2347832567e-05
5.9513492144e-01 8.6619452385e-01 5.8210490839e-05
9.8940636167e-01 4.3212530918e-01 1.0551325770e+00
3.6849128204e-01 3.3715369268e-01 1.4124314282e+00
5.1489340098e-01 2.5777158037e-01 2.3283252375e-05
9.3967615153e-01 9.3940373915e-01 1.6123596170e+00
9.3912730859e-01 9.4125673268e-01 1.2319408758e+00
4.7533583212e-01 8.8535977078e-01 6.1402548715e-05
5.5850264551e-01 1.7492411842e-01 1.2292548100e-05
9.4671895946e-02 5.4339522611e-02 1.1193539143e+00
9.6335000089e-01 4.4125924621e-01 1.1180981280e+00
2.2456948720e-01 4.7134623488e-01 2.7351398311e-05
7.6492920026e-01 3.4107384790e-01 1.4172694156e+00
5.9604664734e-01 8.9714191583e-01 7.8968508051e-05
8.1307356440e-01 3.0712950887e-01 9.3208931429e-06
5.5186775459e-03 8.2613265912e-01 2.3369023726e-05
2.8351616464e-01 7.9996518685e-01 6.5755972064e-05
4.0290062443e-01 9.1863062493e-01 7.7978755913e-06
8.2356730377e-01 3.5388165993e-01 2.1050714813e-07
8.5836774880e-01 8.0771411169e-01 3.4468408459e-05
1.0542684300e-01 9.5298640511e-02 5.4848973767e-05
5.4738939162e-01 1.2725836659e-01 4.0416712815e-05
7.1617247226e-01 6.8887789752e-01 3.8425205113e-05
6.0114713417e-01 7.7895442810e-02 9.2417327834e-01
1.0144766074e-01 6.1542497675e-01 8.9767421151e-01
6.7777264575e-01 3.4113031222e-01 3.2991307592e-05
6.2214578603e-01 7.5482090304e-01 1.1361691261e+00
1.9546723302e-01 8.2813126431e-01 5.7186141313e-06
9.0728412529e-02 2.3426329318e-01 2.6056858038e-06
8.3008151907e-02 6.4836464733e-01 6.9526514647e-06
6.2517906562e-01 8.4950825002e-02 2.7781205355e-06
4.5814385215e-02 3.7865600149e-01 2.4872690283e-05
8.3650963425e-01 6.4627952243e-01 7.4609314794e-05
9.8381057613e-01 4.6561885478e-01 1.3183773601e-05
3.5352554067e-01 9.2752351001e-01 2.2424504540e-05
5.6298821345e-01 9.8753835500e-01 1.7313756510e-05
4.5538921384e-01 3.4529446220e-01 8.1669767172e-01
5.6851452126e-01 5.6215867165e-01 1.6916429937e+00
7.3384721322e-01 5.4827374567e-01 1.4912971983e-06
6.5619401141e-01 7.6880520828e-01 1.3543584821e+00
6.2138523797e-01 3.4867110001e-01 6.9178989231e-05
1.6565612274e-01 8.6762362404e-01 9.0895001589e-01
8.8848889092e-01 7.0226501922e-01 1.0540224115e+00
4.0697512147e-01 5.2781536674e-01 1.8571406897e-05
3.1912692178e-01 9.8935636174e-02 1.2604760805e+00
5.2143201417e-01 2.2772480176e-01 7.6166255578e-05
9.4637228744e-01 5.6776400304e-01 6.7454648288e-01
3.3998728358e-01 6.1059689195e-01 2.5657149075e-05
9.7758043587e-01 3.9029067164e-01 4.0300318565e-05
7.0412397001e-01 6.5643682103e-01 1.9194669561e-06
8.7425995807e-01 2.2989706604e-01 1.7776675610e+00
3.7962677478e-01 7.4619216714e-01 5.9228763218e-05
5.2269705216e-01 4.9636768584e-01 2.8844223350e-01
3.6648160387e-01 5.5855858664e-02 2.8464797365e-07
5.4058863020e-01 7.7678708772e-01 1.7914901379e+00
3.9097844285e-01 5.7436553250e-01 5.8972875389e-06
3.8247802066e-01 5.5001548121e-01 1.3500029089e+00
7.4455690502e-01 1.8190893914e-01 4.9379770681e-05
1.8213541336e-01 2.5153440104e-01 2.5825204413e-05
3.6338930476e-03 8.3074315144e-02 3.3170678539e-05
2.3908313878e-01 9.0737657374e-01 1.4128229660e-01
4.9062001161e-01 8.7972607327e-01 1.5973543893e+00
3.9012756565e-01 5.9877395483e-02 1.8324479635e-05
6.3643250279e-01 8.7853205118e-02 6.8020704715e-05
3.2906564930e-01 2.3641888183e-01 9.1858654725e-06
9.7603665654e-01 3.5568585957e-01 7.2896077295e-05
8.6883019483e-01 7.4994074670e-01 7.5356053232e-01
6.3769677549e-01 8.7477796378e-01 4.6871866699e-05
1.9733353778e-01 7.8585672961e-01 7.9237929911e-01
2.3278573933e-02 9.4675234151e-01 1.1282461322e+00
1.9065431671e-01 6.8574271970e-01 1.3567529131e-05
1.6003295142e-01 9.0646252952e-01 5.5122280786e-05
7.3143793462e-01 6.5004626396e-01 1.6308852230e+00
2.4222977328e-01 5.8375522519e-01 3.1621797086e-01
2.9088754014e-01 2.9993051828e-01 8.1650744042e-01
3.5562311946e-01 1.3224206857e-01 2.8514784765e-05
1.5944602553e-01 5.3947221400e-02 1.3853819976e+00
1.9276098555e-02 2.4266180395e-01 5.3481817339e-05
9.9687959506e-01 2.9820584383e-01 1.3467378490e-05
5.3042262039e-01 9.3754474642e-01 3.8892157030e-05
8.5360057980e-01 2.4329547319e-01 3.2508418736e-05
1.8488293718e-01 3.1380420621e-01 7.8045482271e-06
1.3939976862e-01 5.4342213711e-01 1.9144454776e-05
6.7815842744e-01 2.3755169470e-01 3.1555027691e-05
5.3742166412e-01 1.7105175283e-03 2.2129167883e-05
6.2509388271e-01 4.6811241929e-01 5.4843018387e-01
9.7038550109e-01 7.8241327398e-01 2.6630785724e-05
5.1255098156e-01 4.5569328306e-01 3.1779248554e-05
1.3616046508e-01 6.5046229854e-01 1.6585335241e+00
1.7222779627e-01 4.1941252819e-01 1.6178937884e+00
7.2366337386e-02 5.7092776850e-01 2.4958233188e-05
8.9241476208e-01 2.6597924329e-01 1.7051037461e+00
2.8274774767e-01 1.0241359259e-01 1.2433651870e-05
2.7422547793e-01 7.8021666986e-01 1.0593814150e+00
1.5927843478e-01 3.7721329869e-01 1.6927086703e+00
2.4803322553e-01 5.1512645913e-01 9.4389912880e-01
4.7241316335e-01 6.2657687954e-01 1.2164785667e+00
4.6891360766e-01 2.4877244968e-01 7.1082929953e-01
3.0584939499e-01 6.4018356458e-01 1.1521195564e+00
2.4560427652e-02 9.7154100892e-01 1.5593361527e+00
1.9777089144e-01 6.2388181440e-01 3.7346460795e-05
6.5029240126e-01 9.9361712957e-01 1.1698509961e+00
4.4852853957e-01 5.1230154953e-01 3.5772648650e-05
7.0591982730e-01 5.5331202678e-01 5.8751818995e-05
4.7828415848e-01 8.9016300245e-02 8.3028203457e-05
3.4815722477e-01 3.7796999638e-01 9.2256726321e-05
3.3330825404e-01 7.8257282676e-01 4.2210439714e-01
5.5887428762e-01 3.4313052974e-02 2.1030350666e-01
4.3313518621e-01 2.7970989248e-01 6.2599356582e-01
5.5995124503e-01 4.1652951829e-01 1.1292235973e+00
5.5723626447e-01 5.6895373427e-01 1.1504191911e+00
8.5212465970e-01 2.2370892831e-01 9.4436415303e-01
9.7802948340e-02 5.2827199532e-01 1.0791290801e+00
9.3064781422e-02 2.0057540593e-02 3.9077145986e-06
4.9521231774e-01 6.6296785203e-03 4.5189698710e-05
2.7858159108e-01 3.1966233508e-01 4.6082292107e-06
1.4939348490e-01 3.7463321115e-02 1.4926724292e+00
1.1911651425e-01 2.3918761438e-01 7.1157043282e-01
7.3191773753e-01 1.0109841844e-01 7.3093232634e-05
2.0665732133e-01 6.0253125287e-01 9.5568324858e-01
6.6889457323e-01 7.8385684548e-01 8.8020854433e-01
1.5647427662e-01 2.2198134877e-01 8.0062709339e-01
7.6770864896e-01 4.1659092638e-01 3.9433388689e-01
9.4084586502e-01 8.2040716603e-01 2.7271659210e-01
7.3802020887e-01 2.2715153505e-01 1.5600190114e+00
2.0700636148e-03 2.5767009308e-01 2.0740040194e-05
8.4940267086e-01 9.2544025714e-02 6.4000997868e-05
1.4922454220e-01 2.2281532664e-01 1.5559333994e-05
9.0067008001e-01 1.3719580964e-01 1.4664068887e+00
5.0715521687e-01 9.8062819408e-01 9.7885024766e-01
1.0667242237e-02 1.7020789251e-01 1.3399415102e+00
6.7401812934e-01 4.7185282441e-01 7.4006103844e-01
5.7530682912e-01 3.6479246301e-01 7.7346200800e-05
2.8969673866e-02 6.8952173984e-01 3.5988078965e-05
4.4506019182e-01 8.8130907409e-01 4.6422941561e-01
4.4449681614e-01 2.5441637821e-01 7.8150519471e-05
6.2123040429e-01 3.7099586568e-01 3.5714435871e-01
1.0836465913e-01 7.1888196270e-02 1.4675476003e-05
1.9050977364e-01 3.5573232336e-01 9.3978225377e-01
5.6602540178e-01 2.0103760210e-01 1.1508852747e+00
2.0870268605e-01 4.9987215664e-02 7.4942720603e-05
9.4736718391e-01 1.1293689140e-01 1.0274153255e+00
9.1054890792e-01 3.9557971846e-01 7.2495906640e-05
9.9657215533e-01 5.0946608901e-01 2.5348996016e-05
1.1568893245e-01 8.0851060529e-01 1.6673241521e+00
2.6498957096e-01 9.5193914197e-01 8.5483712827e-01
2.9331831129e-02 5.3572455406e-01 1.9733016291e+00
9.8105351183e-01 9.1450768411e-01 6.5401211344e-01
4.4899246885e-01 3.8755133138e-01 9.3081166065e-01
1.7005429137e-02 4.6396994730e-01 2.0158046596e-05
1.6684439147e-01 9.5065020730e-01 1.4445826589e-05
6.6104366431e-01 1.5579312262e-01 7.5430164626e-01
3.8985065040e-01 4.1750117195e-01 1.0774675752e+00
8.1795704624e-01 2.4254084972e-01 2.6447569726e-05
3.5162228900e-01 8.0873779093e-01 1.7279340931e-05
8.3575295914e-01 7.9118805557e-01 4.5886180955e-01
5.6756321946e-01 1.2095271453e-01 1.2952213971e+00
8.3742633173e-01 1.5098321408e-01 3.4787305701e-01
4.8541932123e-01 7.4305140640e-02 8.6172046490e-06
7.2833881157e-02 4.1648277512e-01 8.8536414686e-01
9.1369817186e-01 3.6730923306e-01 5.6019001635e-06
8.8032324925e-01 9.7290048608e-01 7.0134066924e-01
4.9967930304e-01 1.2032175849e-01 1.0552101993e+00
2.2337700150e-01 3.5553519763e-01 1.1971219651e+00
2.3518273895e-02 6.8157903680e-03 1.7505319365e+00
6.8664465319e-01 5.6704553644e-01 5.8909467781e-01
5.8172620961e-01 2.2898338900e-01 7.1950101106e-01
3.8670370626e-01 7.8733752238e-01 6.9552317707e-01
7.8761939636e-01 1.1868411810e-01 1.6457838226e-05
7.2010973844e-01 4.5568473668e-01 8.7222118157e-01
3.7513625690e-01 1.5805937437e-01 4.9033360977e-06
9.4653820696e-01 1.7614239648e-01 3.9776541943e-01
8.6190764875e-02 7.4746306250e-01 1.5885742056e-05
6.3065498768e-01 2.8617284676e-01 1.3990288052e+00
9.1444386393e-01 9.8819701218e-01 1.9158650350e-06
8.2900878054e-01 2.8577776733e-02 9.2748266619e-06
5.3403327142e-01 6.2443376023e-01 1.5790244401e+00
1.3793121972e-01 1.0775905856e-01 2.5571587543e-05
6.4426547465e-02 2.9587759885e-01 6.2374983978e-05
8.7133341305e-01 2.0330224882e-01 6.2677350593e-05
7.1358376238e-01 8.4922244648e-01 4.8924612368e-06
7.9207427831e-01 1.0116304044e-01 2.4028997858e-01
4.1020370666e-01 6.6847542478e-01 8.8880375609e-01
5.2923625936e-01 4.4161089161e-01 5.7034138824e-01
5.3689049569e-02 5.5454450286e-01 9.6945698278e-01
7.7443948705e-01 3.1609008299e-01 4.8530414806e-05
7.2229326881e-01 6.8994930232e-01 5.5164281344e-01
1.3712716504e-01 3.2853517310e-01 1.1617321773e-05
9.5911415487e-01 5.9052054217e-01 3.7721444869e-06
8.0318187425e-02 4.1591734427e-01 4.4704544458e-01
5.5728361601e-01 2.0111961245e-01 7.6598185019e-01
8.9878326741e-02 1.0283729218e-01 1.2106812647e-05
2.6436086143e-01 2.5689996851e-01 2.0106865436e-05
4.7460154195e-01 3.6858124296e-01 1.2493857196e+00
5.5094049731e-02 7.5188869537e-01 8.2615388627e-01
4.4340902102e-01 8.3050020954e-01 1.3632840579e+00
5.0954320345e-01 9.5604045101e-01 1.3705407343e+00
1.2581416442e-02 7.8874870781e-01 7.6727605395e-05
4.6354074909e-01 5.1270433248e-01 8.7169218311e-01
6.8425577952e-02 9.2332200746e-02 1.7816335513e-05
9.6457940153e-01 8.6547100463e-01 1.6988189373e+00
6.2876696177e-01 7.5235940058e-01 1.3122211247e-05
7.8115462270e-01 5.9803253148e-01 3.2208648509e-05
2.0010062766e-01 1.9566210021e-01 7.6980721427e-01
6.5307951339e-02 6.0203401289e-01 1.2710070961e+00
5.8604667517e-01 5.1041536543e-01 7.9223737058e-06
4.9851397847e-02 6.0902369079e-01 6.5845326352e-01
4.3825654003e-02 6.2721768272e-01 5.6659956642e-05
4.5839637740e-01 2.4242803332e-01 2.0816096613e-01
9.3166068010e-01 6.7165793535e-01 9.2006155199e-01
8.0943180945e-01 6.2801462629e-01 9.4690766197e-01
1.1743072449e-01 7.3410870506e-01 6.3995479304e-01
4.8697469254e-01 5.3815087667e-01 1.1998169164e+00
1.9812288208e-01 9.8583295351e-01 1.0010005416e+00
4.8610982524e-01 3.1051698993e-01 1.0320211093e+00
2.9784611814e-01 9.9616628914e-01 7.9012627662e-05
2.5565237499e-01 3.0902481273e-01 1.6361556739e-05
5.5494137588e-01 4.7251822374e-01 3.2163601262e-05
4.3904852878e-01 9.4106293407e-01 5.5665458362e-02
9.9202295572e-02 6.1929987974e-02 2.8921700385e-05
5.4776098927e-01 8.8838985475e-01 6.4042478937e-01
2.5231505049e-01 3.3710532456e-01 7.3596808214e-01
1.3073534248e-01 6.3760506633e-01 1.2131655495e+00
6.3499894380e-01 4.6436509230e-02 3.7842809159e-05
6.5412824398e-02 8.7105460467e-01 1.7556111036e-05
3.2330057179e-01 5.3307642213e-01 4.6109262671e-05
2.4774109067e-01 8.3775101392e-01 4.6068578215e-05
8.8129981941e-01 7.1644554934e-01 8.2416425016e-05
7.5827529300e-01 8.1055817063e-01 9.9502115969e-01
1.9795830111e-01 6.6316536829e-01 1.3566959715e+00
9.8555305068e-01 7.3280853565e-01 9.0678845015e-06
7.8015250390e-01 9.1791049479e-02 2.9819777682e-05
3.4064114587e-01 4.7894362674e-01 7.9706143634e-01
3.9636673745e-01 5.3606428328e-01 9.4715203473e-01
6.8390511238e-01 3.3013260670e-01 3.8903916723e-01
1.6608938221e-01 8.1809501450e-01 9.1137503468e-01
2.1422399190e-01 4.2735390668e-01 5.2130515589e-06
5.7983992400e-01 6.6740623256e-01 7.6534712668e-01
7.1272011565e-01 2.9019530502e-02 5.4818176251e-05
8.1096224474e-01 5.9265921043e-01 2.1527683197e-05
2.5784636102e-01 1.7259707549e-01 2.4619543135e-05
2.3647042619e-01 4.6333500434e-01 1.4615916430e+00
3.1791419720e-01 5.4752468844e-01 7.5579752865e-05
1.0325115778e-01 1.8839515972e-01 1.2830537670e+00
1.2242894782e-01 4.2967833568e-01 3.8721268198e-02
5.7302814140e-01 5.6492909193e-01 1.8239995267e-01
8.8635162653e-01 9.4611942752e-02 8.8138565392e-01
2.5709182317e-01 9.6093502533e-01 3.7551512759e-06
8.5516862291e-02 1.3981071496e-01 8.9791214708e-01
2.2556535076e-01 9.1126533305e-02 6.6917974097e-01
2.7720025632e-01 7.0426250180e-01 6.7514659391e-05
7.1027474643e-01 2.9711461610e-01 2.8046003711e-06
9.4599077611e-01 7.2360401201e-01 1.7877255017e+00
4.1348042982e-01 4.8613696198e-01 1.6290652913e+00
3.2523082208e-01 1.6091174660e-01 7.9948980773e-01
2.0836420897e-01 6.6584030025e-01 1.8782474710e-05
7.0041432250e-01 6.9949872742e-01 4.8784534039e-05
9.1438496268e-01 5.8679722378e-02 1.4583777362e-05
5.6282672612e-01 9.8244696327e-01 1.5233457639e+00
2.6582275750e-01 9.2745923397e-01 6.5640381943e-01
8.5223350758e-01 6.8749454838e-01 3.8398739340e-05
1.9480787535e-01 9.0080761752e-01 8.7246145391e-01
5.9701626943e-03 6.0381063742e-01 3.8046405618e-05
1.7550242101e-01 5.6348697847e-01 1.7403415620e+00
5.6073929710e-01 4.7720903921e-01 8.1528062253e-06
2.0423060089e-01 2.9946300456e-01 7.9846935851e-01
2.1557365198e-01 5.5844926719e-02 1.8112706342e-05
6.5619171677e-01 9.3352342712e-01 6.3076088378e-07
1.3226396152e-01 4.6465874537e-01 1.1196490712e+00
3.7022780211e-01 1.3730152823e-01 3.1650019365e-01
1.6006345760e-01 7.9276031618e-01 1.4751356819e+00
6.2501851818e-01 8.6649200904e-01 4.0984304014e-05
9.4282691592e-01 7.2890473228e-01 2.2404622996e-05
3.6249021803e-02 8.4682457501e-01 3.4442825855e-05
3.3569449282e-02 2.7186914281e-01 6.1454729738e-05
6.1502926853e-02 3.0376612746e-02 6.7434258869e-01
8.5586535574e-01 1.1893618033e-01 1.0008843592e+00
3.2110984621e-01 1.1193704255e-01 1.4307011753e-05
8.9007951533e-01 3.1208475101e-01 2.2645397695e-01
6.3231043912e-01 8.6660159638e-01 9.5547273763e-01
1.1081650785e-01 1.7990060091e-01 3.0863208359e-01
3.3940400389e-01 7.6661156138e-01 9.4300357504e-01
2.7596513599e-01 9.2542580614e-01 1.9357204860e-05
5.8155921528e-01 5.1534288781e-01 1.5374773036e-05
7.0110696731e-01 6.3780674696e-01 2.2403205197e-05
2.1584113238e-01 6.2358119066e-01 2.9463217358e-05
6.0728844120e-01 2.9611666515e-01 9.1306070762e-01
4.3777795376e-01 8.6605357964e-01 7.3705375626e-05
2.2844224219e-02 3.1199755688e-01 4.2608989246e-01
1.9755997534e-01 1.5015699269e-01 1.8677382791e-06
7.0792824251e-01 1.9874686235e-01 3.2984781342e-06
8.4241838262e-01 7.5515008554e-01 3.6460111899e-06
3.0451448769e-01 7.6172251075e-01 5.8617947433e-05
9.1752186903e-01 6.6699263396e-02 1.5629543529e+00
9.0861383184e-01 9.9591268643e-01 6.1311310051e-01
1.5465274924e-02 1.3714824086e-01 3.2183783472e-05
9.5292522874e-01 4.8111571678e-01 9.3895213369e-01
8.3337606041e-01 6.0780300355e-02 1.2461572616e+00
1.2430712949e-02 7.2509116397e-01 1.8399569701e-05
9.7823742921e-01 4.6828209562e-01 6.0389966253e-01
6.2173667653e-01 4.5683734915e-01 3.9443208830e-01
2.3607449546e-01 6.7791422590e-01 6.3294580519e-06
1.2131973640e-01 8.8514657064e-01 1.0287407250e+00
8.5654252027e-01 1.0768268497e-01 1.1917294891e+00
3.3841893536e-01 2.9763586700e-01 2.6964807811e-05
4.2013716002e-01 8.1416251100e-01 1.2492145735e+00
6.3198475608e-01 9.1559702650e-02 1.0861886591e-05
9.3723813371e-01 1.8311040556e-01 1.0417264948e+00
6.7528639878e-01 7.8093234000e-01 1.3581956987e-05
8.4022141162e-01 1.5337071750e-01 3.5803707762e-05
7.6582005774e-01 3.3782200573e-01 9.7780389317e-01
7.0333035346e-01 2.6174594309e-01 1.9640419225e-05
7.3611784904e-01 5.6518944773e-01 3.0409426975e-05
9.7799137647e-01 9.1369904901e-01 5.6339041594e-06
5.9379550866e-01 5.1456762700e-01 9.5846579051e-01
5.2008194347e-01 8.6953778637e-01 7.1533363815e-01
3.2056400524e-01 6.5775788265e-01 1.4357970710e+00
2.9105854882e-01 3.6285403920e-01 1.1635284741e+00
8.7827798425e-01 6.4494716086e-01 3.2517147093e-05
9.6301699027e-01 3.3882599129e-01 1.2895060895e+00
8.1262218582e-01 4.4468389956e-01 3.5913886720e-05
1.0657387371e-01 1.7453453498e-01 6.6225860812e-05
3.3414729836e-01 2.4610133758e-01 1.1531682022e+00
2.0491791201e-02 1.7580261083e-01 5.9686215493e-05
4.6344481803e-01 2.8104471787e-01 4.2430732203e-01
6.8803321872e-01 6.8940887678e-01 1.5459204230e-05
1.9625953725e-01 6.5638853799e-01 1.7531385149e-05
4.8009513081e-02 3.2976455013e-01 1.2404399664e-05
2.5083019557e-01 7.1637165040e-01 9.3370533955e-01
9.2451003599e-02 3.3990881788e-01 1.0517013359e-05
2.4695365390e-01 4.2988002603e-01 2.2193591291e-06
1.1734904303e-01 3.3093683373e-01 6.7220736493e-01
3.3807225589e-01 8.6030871415e-02 1.2304520764e+00
1.5669435649e-01 5.3748107282e-01 2.8545347952e-05
7.7082440853e-01 1.0894383212e-01 5.4644976686e-05
8.5677787516e-01 6.6683032378e-01 1.0983453606e+00
4.6408595851e-01 3.3470993895e-01 1.6029265919e+00
1.3062823077e-01 3.5305716780e-01 1.5753290377e+00
6.2153849924e-02 8.2275325819e-01 2.9337920853e-05
1.8757474603e-02 9.9581494575e-01 8.1675686532e-05
4.0765121167e-01 8.6576709183e-01 3.9644375823e-01
5.2059142117e-02 4.6340612280e-01 3.9112364212e-05
4.0673475334e-01 9.0110543493e-01 2.3464644176e-05
2.3057908749e-01 1.0694846141e-01 1.0933355411e+00
5.1717750933e-02 7.4233160809e-01 5.8562549183e-05
7.1714067507e-01 4.5771628988e-02 2.7896555817e-05
4.6356667490e-01 9.1958751846e-01 4.6666049097e-05
8.2144652016e-01 8.2464017583e-01 1.2019776489e+00
6.9946847393e-01 3.9360585517e-01 2.5250552772e-05
6.9545624695e-01 3.1260122329e-01 5.6440950052e-05
8.3182060251e-01 9.9421528299e-01 5.5137397309e-05
1.9741022354e-01 7.9071154687e-01 6.7122615813e-06
9.2822369031e-02 6.3865696289e-01 2.2697858815e-05
2.7044530252e-01 4.6501643264e-01 6.7576901176e-05
7.0750826484e-01 1.0808005582e-01 8.7245214498e-05
7.5702727113e-01 5.3040728189e-01 1.2422578314e-07
3.2770008445e-01 5.5853903596e-01 7.7865910031e-01
1.0064529969e-01 8.4204709125e-02 1.3074079999e+00
5.4645054728e-01 5.2667538598e-01 1.1049683466e+00
3.9217280486e-01 6.8517257539e-01 1.5858207069e+00
6.6987337297e-01 3.8696097200e-01 4.5274562463e-05
9.2516088548e-01 4.0519689342e-01 7.4675986021e-01
3.3958010646e-02 8.2838307229e-01 5.3302543620e-05
7.3435337113e-01 4.6737561886e-01 9.0339655817e-05
2.5800207268e-01 1.6124835714e-01 4.9889923555e-05
3.2941049095e-01 4.1059548951e-01 5.4591174748e-05
9.5007079346e-01 7.5562091638e-01 1.4785233682e+00
6.0004577081e-01 7.1744011125e-01 2.3059964286e-05
8.3710311702e-01 3.3645877851e-01 5.7630813498e-01
2.4589635516e-01 5.9631306213e-01 1.4059681764e+00
5.0516797218e-01 3.1978069614e-02 5.3856130601e-01
7.5215551743e-01 8.6178880019e-01 1.2030231141e+00
5.5104129949e-01 8.5620189115e-02 1.1043545881e-05
3.6705870832e-01 7.3443747361e-01 6.3396962692e-06
9.1292577011e-01 6.2210994924e-01 3.4110218010e-05
2.4031901662e-01 8.9548583353e-01 8.8888441721e-05
1.2300744590e-01 3.5811691197e-01 9.9109240775e-01
6.7781492164e-01 7.0869034538e-02 9.8519051147e-01
5.3470739636e-02 5.6185725122e-01 6.2470267442e-02
7.2471376315e-01 4.2177168680e-01 2.3144124852e-05
6.9759772762e-01 5.7590013091e-01 3.9210737075e-05
2.5240661396e-01 2.8616132592e-01 8.1032929384e-06
5.1645618169e-01 1.8766305332e-01 7.3964467541e-01
6.3875149849e-01 1.4599152882e-03 4.2472139070e-01
4.9100633600e-01 7.2260399527e-01 5.0433989583e-05
8.2059768750e-01 4.1866816470e-01 4.2008438895e-06
1.7209324908e-01 5.1837007099e-02 6.0737146892e-01
2.1805160664e-01 8.8205085141e-01 9.1459359305e-01
7.7513761052e-01 4.4408528181e-03 9.7008581749e-06
4.8828085978e-01 6.4536391027e-01 1.5086747630e+00
8.0021221950e-01 4.0289040148e-01 9.3074269040e-06
5.8104848559e-03 4.5952321567e-02 2.2526846699e-06
9.7908239924e-01 6.3992680569e-01 5.6902961154e-05
3.9494103581e-01 2.3226883904e-01 3.7522151405e-05
2.1520251918e-01 2.2181740578e-01 4.8553041115e-01
7.9214597558e-01 5.4428482635e-01 8.5398320669e-01
8.7912292452e-01 4.6973717194e-01 1.6822092358e+00
9.9597363550e-01 8.6622675534e-01 1.0578369701e+00
5.7187717881e-01 4.6833282222e-01 3.4751548876e-05
9.9831883306e-02 9.6060859692e-01 1.8567104611e-05
9.4355844161e-01 7.3414252108e-01 6.1902590326e-01
3.5937629546e-01 3.8183300415e-02 4.8711506254e-05
9.4501349527e-02 4.0946012566e-01 6.3306515627e-05
6.7821490861e-01 9.1041047990e-01 4.1636088270e-01
6.6013315269e-01 8.4936037185e-01 2.4096383270e-05
4.6226835977e-02 5.3976151818e-01 2.9925269889e-05
6.9466274457e-01 8.0502225233e-01 3.4376289408e-05
8.2507387780e-01 8.2557956802e-01 1.2195774459e-05
3.1704607482e-01 7.0070827409e-01 1.8450515268e+00
4.1436718164e-01 1.1202549656e-02 3.9715163325e-06
3.7727558571e-01 7.3205715684e-01 2.5601791584e-05
5.7836366197e-01 6.0982344340e-01 1.2211286520e+00
1.8221126570e-01 4.8284187039e-02 4.7608314616e-05
6.3156179248e-01 2.3329151978e-01 1.0316104666e+00
3.1476307986e-01 6.3860323229e-01 5.2916032819e-05
5.7336492780e-01 1.8909830747e-01 1.4342734074e+00
5.1815205530e-01 2.3180693930e-01 5.6070577683e-05
7.9702279898e-01 5.9001292364e-01 2.5280612485e-05
5.7853601867e-02 9.2965643535e-01 6.4616477821e-05
5.1607699239e-01 8.5279131151e-01 2.7752707699e-05
6.6755320118e-01 7.1203220735e-03 9.9717571037e-01
1.5969063788e-01 4.0002829690e-01 9.6195896661e-01
1.9494097359e-01 3.9460680687e-01 1.4931992362e-05
1.3481355727e-01 8.6876855575e-01 1.1300804213e+00
4.7482541119e-01 3.2738992844e-01 1.2772151249e+00
5.1066273454e-01 2.9409856456e-01 7.9147834162e-05
1.5779568760e-01 8.7658193359e-02 1.0010563510e+00
2.1422154244e-01 6.0633229600e-01 1.9377154164e+00
8.9056934315e-01 4.8008487433e-02 5.9361951200e-05
4.2527721774e-01 7.8534564630e-01 7.8302986622e-01
3.6831922695e-01 5.7977377366e-01 1.4040724110e+00
1.3473698546e-01 4.9018396137e-01 3.3202337763e-05
4.0606106797e-01 7.0224706296e-01 9.3265307441e-01
6.1103318500e-02 1.4700719116e-01 7.9055357724e-06
7.3174956665e-01 3.9862286506e-02 6.0234545260e-05
4.0383065318e-01 3.0514631543e-01 6.4117357745e-05
7.3455336651e-01 9.3226286416e-01 3.1556954962e-05
6.5757501408e-01 8.8342205180e-01 3.0844775359e-05
7.2490828436e-01 6.4991473129e-01 6.1769698627e-05
3.5149804017e-01 8.2060324314e-01 5.7793125265e-05
